65 0 1 2 3 40 41 42 43 80 81 82 83 120 121 122 123 160 161 162 163
66 4 5 6 7 44 45 46 47 84 85 86 87 124 125 126 127 164 165 166 167
67 0 1 2 3 40 41 42 43 80 81 82 83 120 121 122 123 160 161 162 163
68 8 9 10 11 88 89 90 91 168 169 170 171
69 12 13 14 15 92 93 94 95 172 173 174 175
70 16 17 18 19 96 97 98 99 176 177 178 179
71 20 21 22 23 100 101 102 103 180 181 182 183
72 24 25 26 27 104 105 106 107 184 185 186 187
73 28 29 30 31 108 109 110 111 188 189 190 191
74 32 33 34 35 112 113 114 115 192 193 194 195
75 36 37 38 39 116 117 118 119 196 197 198 199
76 48 49 50 51 128 129 130 131
77 52 53 54 55 132 133 134 135
78 56 57 58 59 136 137 138 139
79 60 61 62 63 140 141 142 143
80 64 65 66 67 144 145 146 147
81 68 69 70 71 148 149 150 151
